engine,mean_latency_ms,p95_latency_ms,speedup_vs_no_cache_mean,speedup_vs_no_cache_p95,hit_rate,gpu_energy_j,idle_adjusted_gpu_energy_j,gpu_joules_per_request,idle_adjusted_joules_per_request,gpu_joules_per_total_token,energy_reduction_vs_no_cache_pct,idle_adjusted_energy_reduction_vs_no_cache_pct,energy_source,idle_baseline_power_w,utility_admission_enabled,utility_admission_checks_total,utility_admission_admit_total,negative_utility_bypass_total,small_prefix_bypass_total,lite_fast_path_total,cache_lookup_latency_total_ms,backend_reuse_latency_total_ms,kv_materialization_latency_total_ms,policy_planning_latency_total_ms,semantic_query_latency_total_ms,net_latency_saved_estimate_ms_total
shadow_kv_plus,65.02880399921196,80.34285209141669,,,0.9921875,5845.841,4951.690407605794,45.6706328125,38.68508130942026,0.0750843340996956,,,nvml,62.49303157253466,False,0,0,0,0,,0.0,8269.641380073153,0.0,26.83913400687743,23.77819899993483,6178.085015225722
